00000101010000000000000011101111
00000000000001010101010001100011
00000010110100000000010110010011
00000001111001011001111101111111
01000000101000000000010100110011
00000000000000010000011000010011
00000000101000000000001010010011
00000010010101010110010110110011
00000011000001011000010110010011
11111110101100010010111100100011
11111111111000010000000100010011
00000000101000000000001010010011
00000010010101010100010100110011
11111110000001010001100111100011
00000000001000010000000100010011
11111111111000010010010110000011
00000001111001011001111101111111
11111110110000010001110111100011
00000000000000001000000001100111
00000000000100000000001010010011
00000000101000101100001001100011
00000000000000001000000001100111
11111111111101010000010110010011
11111110101000010010111100100011
00000000000001011000010100010011
11111110000100010010111000100011
11111111110000010000000100010011
11111111000111111111000011101111
00000000010000010000000100010011
11111111110000010010000010000011
11111111111000010010010110000011
11111111111001011000010110010011
11111110101000010010111000100011
00000000000001011000010100010011
11111110000100010010110100100011
11111111101000010000000100010011
11111101111111111111000011101111
00000000011000010000000100010011
11111111101000010010000010000011
11111111110000010010010110000011
00000000101001011000010100110011
00000000000000001000000001100111
00000001111000000000000110010011
11111110000100010010111100100011
11111111111000010000000100010011
11111100110111111111000011101111
00000000001000010000000100010011
11111111111000010010000010000011
11111110000100010010111100100011
11111111111000010000000100010011
11111001111111111111000011101111
00000000001000010000000100010011
11111111111000010010000010000011
00000000000000000000000000000000
00000000000000000000000000000000
00000000000000000000000000000000
00000000000000000000000000000000
00000000000000000000000000000000
00000000000000000000000000000000
00000000000000000000000000000000
00000000000000000000000000000000
00000000000000000000000000000000
00000000000000000000000000000000
00000000000000000000000000000000